0.45561716
0.56213136
0.40234852
0.47336568
0.52663432
0.47336568
0.45561716
0.5088857999999999
0.42009704
0.52663432
0.45561716
0.5443828399999999
0.42009704
0.40234852
0.57990296
0.43786864000000003
0.56213136
0.5976514799999999
0.43786864000000003
0.5443828399999999
0.40234852
0.47336568
0.40234852
0.43786864000000003
0.43786864000000003
0.52663432
0.3846
0.5443828399999999
0.43786864000000003
0.49111419999999995
0.3846
0.40234852
0.49111419999999995
0.3846
0.3846
0.5088857999999999
0.47336568
0.57990296
0.3846
0.52663432
0.5088857999999999
0.57990296
0.3846
0.5443828399999999
0.6154
0.40234852
0.3846
0.3846
0.52663432
0.3846
0.39646568
0.66272426
0.54438284
0.45561716
0.54438284
0.5739585800000001
0.4851928999999999
0.6331485200000001
0.45561716
0.5739585800000001
0.42604142
0.6331485200000001
0.66272426
0.36685147999999995
0.6035343200000001
0.39646568
0.33727574
0.6035343200000001
0.42604142
0.66272426
0.54438284
0.66272426
0.6035343200000001
0.6035343200000001
0.45561716
0.6923
0.42604142
0.6035343200000001
0.5148071
0.6923
0.66272426
0.5148071
0.6923
0.6923
0.4851928999999999
0.54438284
0.36685147999999995
0.6923
0.45561716
0.4851928999999999
0.36685147999999995
0.6923
0.42604142
0.3077
0.66272426
0.6923
0.6923
0.45561716
0.6923
0.27220296
0.43786864000000003
0.56213136
0.43786864000000003
0.39646568
0.5207284
0.31360592
0.56213136
0.39646568
0.6035343200000001
0.31360592
0.27220296
0.6863940799999999
0.35506271999999994
0.6449372800000001
0.72779704
0.35506271999999994
0.6035343200000001
0.27220296
0.43786864000000003
0.27220296
0.35506271999999994
0.35506271999999994
0.56213136
0.23079999999999998
0.6035343200000001
0.35506271999999994
0.47927159999999996
0.23079999999999998
0.27220296
0.47927159999999996
0.23079999999999998
0.23079999999999998
0.5207284
0.43786864000000003
0.6863940799999999
0.23079999999999998
0.56213136
0.5207284
0.6863940799999999
0.23079999999999998
0.6035343200000001
0.7692
0.27220296
0.23079999999999998
0.23079999999999998
0.56213136
0.23079999999999998
0.59765148
0.40234852
0.59765148
0.6627242600000001
0.4674213
0.79295444
0.40234852
0.6627242600000001
0.33727574000000005
0.79295444
0.8580272200000001
0.20704556000000002
0.72779704
0.27220296
0.14197278000000002
0.72779704
0.33727574000000005
0.8580272200000001
0.59765148
0.8580272200000001
0.72779704
0.72779704
0.40234852
0.9231
0.33727574000000005
0.72779704
0.5325787000000001
0.9231
0.8580272200000001
0.5325787000000001
0.9231
0.9231
0.4674213
0.59765148
0.20704556000000002
0.9231
0.40234852
0.4674213
0.20704556000000002
0.9231
0.33727574000000005
0.07690000000000001
0.8580272200000001
0.9231
0.9231
0.40234852
0.9231
0.47336568
0.52663432
0.5443828399999999
0.49111419999999995
0.57990296
0.47336568
0.5443828399999999
0.45561716
0.57990296
0.5976514799999999
0.42009704
0.56213136
0.43786864000000003
0.40234852
0.56213136
0.45561716
0.5976514799999999
0.52663432
0.5976514799999999
0.56213136
0.56213136
0.47336568
0.6154
0.45561716
0.56213136
0.5088857999999999
0.6154
0.5976514799999999
0.5088857999999999
0.6154
0.6154
0.49111419999999995
0.52663432
0.42009704
0.6154
0.47336568
0.49111419999999995
0.42009704
0.6154
0.45561716
0.3846
0.5976514799999999
0.6154
0.6154
0.47336568
0.6154
0.47336568
0.45561716
0.5088857999999999
0.42009704
0.52663432
0.45561716
0.5443828399999999
0.42009704
0.40234852
0.57990296
0.43786864000000003
0.56213136
0.5976514799999999
0.43786864000000003
0.5443828399999999
0.40234852
0.47336568
0.40234852
0.43786864000000003
0.43786864000000003
0.52663432
0.3846
0.5443828399999999
0.43786864000000003
0.49111419999999995
0.3846
0.40234852
0.49111419999999995
0.3846
0.3846
0.5088857999999999
0.47336568
0.57990296
0.3846
0.52663432
0.5088857999999999
0.57990296
0.3846
0.5443828399999999
0.6154
0.40234852
0.3846
0.3846
0.52663432
0.3846
0.5443828399999999
0.49111419999999995
0.57990296
0.47336568
0.5443828399999999
0.45561716
0.57990296
0.5976514799999999
0.42009704
0.56213136
0.43786864000000003
0.40234852
0.56213136
0.45561716
0.5976514799999999
0.52663432
0.5976514799999999
0.56213136
0.56213136
0.47336568
0.6154
0.45561716
0.56213136
0.5088857999999999
0.6154
0.5976514799999999
0.5088857999999999
0.6154
0.6154
0.49111419999999995
0.52663432
0.42009704
0.6154
0.47336568
0.49111419999999995
0.42009704
0.6154
0.45561716
0.3846
0.5976514799999999
0.6154
0.6154
0.47336568
0.6154
0.4851928999999999
0.6331485200000001
0.45561716
0.5739585800000001
0.42604142
0.6331485200000001
0.66272426
0.36685147999999995
0.6035343200000001
0.39646568
0.33727574
0.6035343200000001
0.42604142
0.66272426
0.54438284
0.66272426
0.6035343200000001
0.6035343200000001
0.45561716
0.6923
0.42604142
0.6035343200000001
0.5148071
0.6923
0.66272426
0.5148071
0.6923
0.6923
0.4851928999999999
0.54438284
0.36685147999999995
0.6923
0.45561716
0.4851928999999999
0.36685147999999995
0.6923
0.42604142
0.3077
0.66272426
0.6923
0.6923
0.45561716
0.6923
0.47334259999999995
0.5088857999999999
0.4851928999999999
0.5148071
0.47334259999999995
0.4674213
0.5266573999999999
0.47927159999999996
0.5207284
0.5325787
0.47927159999999996
0.5148071
0.4674213
0.49111419999999995
0.4674213
0.47927159999999996
0.47927159999999996
0.5088857999999999
0.46149999999999997
0.5148071
0.47927159999999996
0.4970355
0.46149999999999997
0.4674213
0.4970355
0.46149999999999997
0.46149999999999997
0.5029645
0.49111419999999995
0.5266573999999999
0.46149999999999997
0.5088857999999999
0.5029645
0.5266573999999999
0.46149999999999997
0.5148071
0.5385
0.4674213
0.46149999999999997
0.46149999999999997
0.5088857999999999
0.46149999999999997
0.4200970400000001
0.6331485200000001
0.36685148000000006
0.7397088800000001
0.79295444
0.26029112000000004
0.6863940800000001
0.31360592000000004
0.20704556000000002
0.6863940800000001
0.36685148000000006
0.79295444
0.5799029600000001
0.79295444
0.6863940800000001
0.6863940800000001
0.4200970400000001
0.8462000000000001
0.36685148000000006
0.6863940800000001
0.5266574
0.8462000000000001
0.79295444
0.5266574
0.8462000000000001
0.8462000000000001
0.47334259999999995
0.5799029600000001
0.26029112000000004
0.8462000000000001
0.4200970400000001
0.47334259999999995
0.26029112000000004
0.8462000000000001
0.36685148000000006
0.15380000000000002
0.79295444
0.8462000000000001
0.8462000000000001
0.4200970400000001
0.8462000000000001
0.45561716
0.5443828399999999
0.42009704
0.40234852
0.57990296
0.43786864000000003
0.56213136
0.5976514799999999
0.43786864000000003
0.5443828399999999
0.40234852
0.47336568
0.40234852
0.43786864000000003
0.43786864000000003
0.52663432
0.3846
0.5443828399999999
0.43786864000000003
0.49111419999999995
0.3846
0.40234852
0.49111419999999995
0.3846
0.3846
0.5088857999999999
0.47336568
0.57990296
0.3846
0.52663432
0.5088857999999999
0.57990296
0.3846
0.5443828399999999
0.6154
0.40234852
0.3846
0.3846
0.52663432
0.3846
0.42604142
0.6331485200000001
0.66272426
0.36685147999999995
0.6035343200000001
0.39646568
0.33727574
0.6035343200000001
0.42604142
0.66272426
0.54438284
0.66272426
0.6035343200000001
0.6035343200000001
0.45561716
0.6923
0.42604142
0.6035343200000001
0.5148071
0.6923
0.66272426
0.5148071
0.6923
0.6923
0.4851928999999999
0.54438284
0.36685147999999995
0.6923
0.45561716
0.4851928999999999
0.36685147999999995
0.6923
0.42604142
0.3077
0.66272426
0.6923
0.6923
0.45561716
0.6923
0.36685147999999995
0.33727574
0.6331485200000001
0.39646568
0.6035343200000001
0.66272426
0.39646568
0.5739585800000001
0.33727574
0.45561716
0.33727574
0.39646568
0.39646568
0.54438284
0.3077
0.5739585800000001
0.39646568
0.4851928999999999
0.3077
0.33727574
0.4851928999999999
0.3077
0.3077
0.5148071
0.45561716
0.6331485200000001
0.3077
0.54438284
0.5148071
0.6331485200000001
0.3077
0.5739585800000001
0.6923
0.33727574
0.3077
0.3077
0.54438284
0.3077
0.79295444
0.26029112000000004
0.6863940800000001
0.31360592000000004
0.20704556000000002
0.6863940800000001
0.36685148000000006
0.79295444
0.5799029600000001
0.79295444
0.6863940800000001
0.6863940800000001
0.4200970400000001
0.8462000000000001
0.36685148000000006
0.6863940800000001
0.5266574
0.8462000000000001
0.79295444
0.5266574
0.8462000000000001
0.8462000000000001
0.47334259999999995
0.5799029600000001
0.26029112000000004
0.8462000000000001
0.4200970400000001
0.47334259999999995
0.26029112000000004
0.8462000000000001
0.36685148000000006
0.15380000000000002
0.79295444
0.8462000000000001
0.8462000000000001
0.4200970400000001
0.8462000000000001
0.20704556000000002
0.72779704
0.27220296
0.14197278000000002
0.72779704
0.33727574000000005
0.8580272200000001
0.59765148
0.8580272200000001
0.72779704
0.72779704
0.40234852
0.9231
0.33727574000000005
0.72779704
0.5325787000000001
0.9231
0.8580272200000001
0.5325787000000001
0.9231
0.9231
0.4674213
0.59765148
0.20704556000000002
0.9231
0.40234852
0.4674213
0.20704556000000002
0.9231
0.33727574000000005
0.07690000000000001
0.8580272200000001
0.9231
0.9231
0.40234852
0.9231
0.31360592000000004
0.6863940800000001
0.79295444
0.31360592000000004
0.6331485200000001
0.20704556000000002
0.4200970400000001
0.20704556000000002
0.31360592000000004
0.31360592000000004
0.5799029600000001
0.15380000000000002
0.6331485200000001
0.31360592000000004
0.47334259999999995
0.15380000000000002
0.20704556000000002
0.47334259999999995
0.15380000000000002
0.15380000000000002
0.5266574
0.4200970400000001
0.7397088800000001
0.15380000000000002
0.5799029600000001
0.5266574
0.7397088800000001
0.15380000000000002
0.6331485200000001
0.8462000000000001
0.20704556000000002
0.15380000000000002
0.15380000000000002
0.5799029600000001
0.15380000000000002
0.35506271999999994
0.27220296
0.6449372800000001
0.39646568
0.72779704
0.56213136
0.72779704
0.6449372800000001
0.6449372800000001
0.43786864000000003
0.7692
0.39646568
0.6449372800000001
0.5207284
0.7692
0.72779704
0.5207284
0.7692
0.7692
0.47927159999999996
0.56213136
0.31360592
0.7692
0.43786864000000003
0.47927159999999996
0.31360592
0.7692
0.39646568
0.23079999999999998
0.72779704
0.7692
0.7692
0.43786864000000003
0.7692
0.72779704
0.35506271999999994
0.6035343200000001
0.27220296
0.43786864000000003
0.27220296
0.35506271999999994
0.35506271999999994
0.56213136
0.23079999999999998
0.6035343200000001
0.35506271999999994
0.47927159999999996
0.23079999999999998
0.27220296
0.47927159999999996
0.23079999999999998
0.23079999999999998
0.5207284
0.43786864000000003
0.6863940799999999
0.23079999999999998
0.56213136
0.5207284
0.6863940799999999
0.23079999999999998
0.6035343200000001
0.7692
0.27220296
0.23079999999999998
0.23079999999999998
0.56213136
0.23079999999999998
0.27220296
0.6627242600000001
0.14197278000000002
0.40234852
0.14197278000000002
0.27220296
0.27220296
0.59765148
0.07690000000000001
0.6627242600000001
0.27220296
0.4674213
0.07690000000000001
0.14197278000000002
0.4674213
0.07690000000000001
0.07690000000000001
0.5325787000000001
0.40234852
0.79295444
0.07690000000000001
0.59765148
0.5325787000000001
0.79295444
0.07690000000000001
0.6627242600000001
0.9231
0.14197278000000002
0.07690000000000001
0.07690000000000001
0.59765148
0.07690000000000001
0.39646568
0.72779704
0.56213136
0.72779704
0.6449372800000001
0.6449372800000001
0.43786864000000003
0.7692
0.39646568
0.6449372800000001
0.5207284
0.7692
0.72779704
0.5207284
0.7692
0.7692
0.47927159999999996
0.56213136
0.31360592
0.7692
0.43786864000000003
0.47927159999999996
0.31360592
0.7692
0.39646568
0.23079999999999998
0.72779704
0.7692
0.7692
0.43786864000000003
0.7692
0.33727574
0.45561716
0.33727574
0.39646568
0.39646568
0.54438284
0.3077
0.5739585800000001
0.39646568
0.4851928999999999
0.3077
0.33727574
0.4851928999999999
0.3077
0.3077
0.5148071
0.45561716
0.6331485200000001
0.3077
0.54438284
0.5148071
0.6331485200000001
0.3077
0.5739585800000001
0.6923
0.33727574
0.3077
0.3077
0.54438284
0.3077
0.59765148
0.8580272200000001
0.72779704
0.72779704
0.40234852
0.9231
0.33727574000000005
0.72779704
0.5325787000000001
0.9231
0.8580272200000001
0.5325787000000001
0.9231
0.9231
0.4674213
0.59765148
0.20704556000000002
0.9231
0.40234852
0.4674213
0.20704556000000002
0.9231
0.33727574000000005
0.07690000000000001
0.8580272200000001
0.9231
0.9231
0.40234852
0.9231
0.5976514799999999
0.56213136
0.56213136
0.47336568
0.6154
0.45561716
0.56213136
0.5088857999999999
0.6154
0.5976514799999999
0.5088857999999999
0.6154
0.6154
0.49111419999999995
0.52663432
0.42009704
0.6154
0.47336568
0.49111419999999995
0.42009704
0.6154
0.45561716
0.3846
0.5976514799999999
0.6154
0.6154
0.47336568
0.6154
0.72779704
0.72779704
0.40234852
0.9231
0.33727574000000005
0.72779704
0.5325787000000001
0.9231
0.8580272200000001
0.5325787000000001
0.9231
0.9231
0.4674213
0.59765148
0.20704556000000002
0.9231
0.40234852
0.4674213
0.20704556000000002
0.9231
0.33727574000000005
0.07690000000000001
0.8580272200000001
0.9231
0.9231
0.40234852
0.9231
0.6449372800000001
0.43786864000000003
0.7692
0.39646568
0.6449372800000001
0.5207284
0.7692
0.72779704
0.5207284
0.7692
0.7692
0.47927159999999996
0.56213136
0.31360592
0.7692
0.43786864000000003
0.47927159999999996
0.31360592
0.7692
0.39646568
0.23079999999999998
0.72779704
0.7692
0.7692
0.43786864000000003
0.7692
0.43786864000000003
0.7692
0.39646568
0.6449372800000001
0.5207284
0.7692
0.72779704
0.5207284
0.7692
0.7692
0.47927159999999996
0.56213136
0.31360592
0.7692
0.43786864000000003
0.47927159999999996
0.31360592
0.7692
0.39646568
0.23079999999999998
0.72779704
0.7692
0.7692
0.43786864000000003
0.7692
0.3846
0.5443828399999999
0.43786864000000003
0.49111419999999995
0.3846
0.40234852
0.49111419999999995
0.3846
0.3846
0.5088857999999999
0.47336568
0.57990296
0.3846
0.52663432
0.5088857999999999
0.57990296
0.3846
0.5443828399999999
0.6154
0.40234852
0.3846
0.3846
0.52663432
0.3846
0.3077
0.7692
0.5385
1.0
0.9231
0.5385
1.0
1.0
0.46149999999999997
0.6154
0.15380000000000002
1.0
0.3846
0.46149999999999997
0.15380000000000002
1.0
0.3077
0.0
0.9231
1.0
1.0
0.3846
1.0
0.39646568
0.4851928999999999
0.3077
0.33727574
0.4851928999999999
0.3077
0.3077
0.5148071
0.45561716
0.6331485200000001
0.3077
0.54438284
0.5148071
0.6331485200000001
0.3077
0.5739585800000001
0.6923
0.33727574
0.3077
0.3077
0.54438284
0.3077
0.5207284
0.7692
0.72779704
0.5207284
0.7692
0.7692
0.47927159999999996
0.56213136
0.31360592
0.7692
0.43786864000000003
0.47927159999999996
0.31360592
0.7692
0.39646568
0.23079999999999998
0.72779704
0.7692
0.7692
0.43786864000000003
0.7692
0.5385
0.5325787
0.5029645
0.5385
0.5385
0.4970355
0.5088857999999999
0.47334259999999995
0.5385
0.49111419999999995
0.4970355
0.47334259999999995
0.5385
0.4851928999999999
0.46149999999999997
0.5325787
0.5385
0.5385
0.49111419999999995
0.5385
0.9231
0.5385
1.0
1.0
0.46149999999999997
0.6154
0.15380000000000002
1.0
0.3846
0.46149999999999997
0.15380000000000002
1.0
0.3077
0.0
0.9231
1.0
1.0
0.3846
1.0
0.5325787000000001
0.9231
0.9231
0.4674213
0.59765148
0.20704556000000002
0.9231
0.40234852
0.4674213
0.20704556000000002
0.9231
0.33727574000000005
0.07690000000000001
0.8580272200000001
0.9231
0.9231
0.40234852
0.9231
0.5385
0.5385
0.4970355
0.5088857999999999
0.47334259999999995
0.5385
0.49111419999999995
0.4970355
0.47334259999999995
0.5385
0.4851928999999999
0.46149999999999997
0.5325787
0.5385
0.5385
0.49111419999999995
0.5385
1.0
0.46149999999999997
0.6154
0.15380000000000002
1.0
0.3846
0.46149999999999997
0.15380000000000002
1.0
0.3077
0.0
0.9231
1.0
1.0
0.3846
1.0
0.46149999999999997
0.6154
0.15380000000000002
1.0
0.3846
0.46149999999999997
0.15380000000000002
1.0
0.3077
0.0
0.9231
1.0
1.0
0.3846
1.0
0.49111419999999995
0.5266573999999999
0.46149999999999997
0.5088857999999999
0.5029645
0.5266573999999999
0.46149999999999997
0.5148071
0.5385
0.4674213
0.46149999999999997
0.46149999999999997
0.5088857999999999
0.46149999999999997
0.42009704
0.6154
0.47336568
0.49111419999999995
0.42009704
0.6154
0.45561716
0.3846
0.5976514799999999
0.6154
0.6154
0.47336568
0.6154
0.15380000000000002
0.5799029600000001
0.5266574
0.7397088800000001
0.15380000000000002
0.6331485200000001
0.8462000000000001
0.20704556000000002
0.15380000000000002
0.15380000000000002
0.5799029600000001
0.15380000000000002
0.3846
0.46149999999999997
0.15380000000000002
1.0
0.3077
0.0
0.9231
1.0
1.0
0.3846
1.0
0.5088857999999999
0.57990296
0.3846
0.5443828399999999
0.6154
0.40234852
0.3846
0.3846
0.52663432
0.3846
0.5266573999999999
0.46149999999999997
0.5148071
0.5385
0.4674213
0.46149999999999997
0.46149999999999997
0.5088857999999999
0.46149999999999997
0.15380000000000002
0.6331485200000001
0.8462000000000001
0.20704556000000002
0.15380000000000002
0.15380000000000002
0.5799029600000001
0.15380000000000002
0.3077
0.0
0.9231
1.0
1.0
0.3846
1.0
0.6923
0.33727574
0.3077
0.3077
0.54438284
0.3077
0.07690000000000001
0.0
0.0
0.6154
0.0
0.9231
0.9231
0.40234852
0.9231
1.0
0.3846
1.0
0.3846
1.0
0.3846
